11
2
5.26745 7.69914
4.00229 8.91529
4
3.52458 8.07725
9.19026 0.697553
9.49327 5.25995
0.860558 1.92214
0
16
3.48893 0.641713
0.20023 4.57702
0.630958 2.3828
9.70634 9.02208
8.5092 2.66666
5.3976 3.75207
7.60249 5.12535
6.67724 5.31606
0.392803 4.37638
9.31835 9.3081
7.20952 2.84293
7.38534 6.39979
3.54049 6.87861
1.65974 4.40105
8.80075 8.29201
3.30337 2.28968
11
3.5036 6.8667
9.56468 5.8864
6.57304 8.58676
4.3956 9.2397
3.98437 8.14767
6.84219 9.10972
4.82491 2.15825
9.50252 9.20128
1.4766 8.81062
6.41081 4.31953
6.19596 2.81059
12
3.07458 4.47034
2.26107 1.87533
2.76235 5.56444
4.16501 1.69607
9.06804 1.03171
1.26075 4.95444
7.60475 9.84752
9.35004 6.84445
3.83188 7.49771
3.68664 2.9416
2.32262 5.84489
2.44413 1.5239
5
1.25475 7.9347
1.64102 7.45071
0.745298 9.50104
0.525293 5.21563
1.76211 2.40062
10
7.32654 6.56564
9.67405 6.39458
7.59735 0.934805
1.34902 5.2021
0.782321 0.699064
2.04655 4.6142
8.19677 5.73319
7.55581 0.519388
1.57807 9.99994
2.04329 8.89956
0
14
0.540576 8.7054
0.723288 0.0416161
9.23069 5.93892
1.80372 1.63131
3.9169 9.13027
8.19695 3.59095
5.52485 5.7943
4.52576 6.87387
0.996401 5.30808
7.57294 3.04295
9.92228 5.76971
8.77614 7.47809
6.2891 0.354209
7.47803 8.33239
11
8.73271 8.31038
9.79434 7.43811
9.03366 9.83596
6.6688 4.97259
1.63968 8.30012
8.88949 0.769947
6.49707 2.48044
6.2948 2.29137
7.0062 3.16867
3.28777 2.31428
0.74161 6.33072
