10
19
5.10686 9.71466
2.80042 5.46107
7.19269 1.13281
4.71483 5.9254
9.44318 4.50918
3.36351 8.47684
4.34513 0.0323146
3.44943 5.98481
8.33243 2.33892
6.75476 4.8295
4.81936 3.04956
7.12087 1.82556
6.21823 0.408643
4.13984 6.95984
6.73936 6.3764
3.47116 1.84622
6.09106 6.27158
7.30729 3.28374
7.40438 2.02213
2
6.84757 6.5313
2.57265 5.32441
18
2.60497 8.77384
6.86125 0.937402
1.11276 3.61601
5.76691 5.93211
6.66557 2.88778
7.75767 2.88379
3.29642 1.89751
9.84363 0.0357857
8.27391 3.31479
1.88201 4.36497
9.58637 9.1893
7.64871 6.99075
1.21143 6.85786
3.83832 7.74273
9.43051 9.16273
8.61917 2.03548
7.93657 5.48042
2.97288 9.04932
16
8.73979 4.98144
5.762 1.62757
2.73911 8.64579
4.92399 4.63662
8.48942 4.95977
2.91053 1.80421
6.84178 7.2755
1.39058 6.03109
4.92422 8.38134
7.24252 1.78208
2.21966 4.98525
1.21259 1.38238
3.60443 3.24807
9.31895 9.08485
6.22095 8.36828
8.18128 4.96074
8
3.94327 6.58831
6.08883 2.58906
1.5123 0.72545
1.07848 6.47207
3.63598 2.8827
3.31386 0.911486
4.27328 9.34495
5.8357 2.65461
5
7.61778 4.87427
1.57272 8.83037
6.25665 5.17715
2.07844 5.57561
4.26199 8.29939
10
2.44327 3.26013
7.2936 6.38654
9.84845 3.38243
8.9756 1.36075
4.10788 0.0540855
7.83282 7.74386
2.93678 1.14668
8.65535 7.21006
0.491625 4.49105
9.86467 7.07909
1
4.73894 8.65181
13
0.995593 3.82896
3.01763 6.5712
8.09095 1.31702
0.515083 0.534223
4.57716 7.80868
6.92076 4.4256
1.19111 5.89637
5.78635 5.29899
5.95045 3.61917
3.04285 8.88723
4.76585 1.6982
6.09729 5.25747
6.18925 5.96196
10
8.29808 0.700902
0.988374 9.23728
1.6965 4.81733
2.25491 8.26769
2.90829 3.57193
8.78278 3.44251
8.14909 6.59146
0.363274 2.57469
7.78257 6.25964
8.36104 3.08157
